101960	7177,7269,7270
Collinsia bartsiifolia var. bartsiifolia

10210


10324


10553


10597


10614


10711


10845


10962


11091


11125


11150


11176


11204


11327


11341


11378


11392


11415


11460


12017	3691,3707,3708


130


13217	2030,2049,2050
Anchusa azurea

13392	7085,7086,7087


13468	5042,5049,5050


13489	1990,1991,1992


13682	2240,2248,2249


145


15606	3436,3437,3438


202


22633	8738,8943,8944


23155	8738,8948,8949


25055	2240,2459,0,2460
Eruca vesicaria subsp. sativa

2564	609,1074,1075
Enceliopsis nudicaulis

25765	2702,2717,2718
Ferocactus cylindraceus var. cylindraceus

259


26


27572	7925,7926,7927


29566	4732,4733,4734
Juglans californica var. californica

29874	3449,3567,3568
Kalmia polifolia subsp. microphylla

30007	4741,4742,4743
Krameria grayi

30017	3084,3187,3188


3025	609,1229,0,1230
Galinsoga parviflora var. parviflora

31104	7177,7379,7380
Lindernia dubia var. anagallidea

31350	2907,2953,2954
Loeflingia squarrosa var. artemisiarum

31367	8738,9094,9095
Lolium perenne

31385	329,426,0,427
Lomatium bicolor var. leptocarpum

31673	5179,5192,5193


33219	4990,4994,4995
Mentzelia albicaulis

34028	5165,5170,5171


354


390


4146	609,1627,1628
Microseris bigelovii

41559	8185,8220,0,8221
Romulea rosea var. australis

41571	2240,2580,2581
Rorippa columbiae

41723	5029,5039,5040
Rotala ramosior

417


43939	8738,9281,9282


44111	5194,5238,5239


44601	7622,7623,7624


448


44928	7736,7747,7748


4634	609,1774,1775


48131	553,565,566


48756	8349,8681,8682
Yucca brevifolia

5213	609,1904,1905
Tanacetum parthenium

534


655


75


77187


77247	315,318,319


77254	3215,3216,3217
Cistus ladanifer

8862


8888


9029


9151


9357


9407


9461


9649


9663


9766


9883


9960


10088


10181


10394


10457


10471


10578


10615


10710


10817


10831


10844


11043


11177


11326


11340


11393


11461


11724	4745,4746,4747
Acanthomintha ilicifolia

117


12892	290,294,295
Amaranthus arenicola

13635	553,556,557
Apocynum cannabinum

14504	92,100,101
Aspidotis carlotta-halliae

15890	8738,8841,8842
Bothriochloa ischaemum

15910	72,73,74
Botrychium crenulatum

15999	329,357,358


20048	6586,6654,6655


203


20521	3284,3288,0,3289
Cotyledon orbiculata var. oblonga

2066	609,931,932
Chrysothamnus depressus

2086	609,960,961
Cichorium intybus

21743	8738,8918,8919
Cynodon plectostachyus

23291	2240,2428,2429
Draba asterophora

23682	7928,8101,8102


23915	3436,3439,3440
Elatine brachysperma

25740	5936,6214,6215


25783	8738,9015,9016
Festuca brachyphylla

26825	6677,6727,6728
Geum macrophyllum

272


28074	8738,9046,9047


28605	329,413,414
Hydrocotyle ranunculoides

28732	4724,4725,4726
Hypericum canariense

29522	5602,5607,0,5608
Jamesia americana var. rosea

2989	609,1224,1225


3140	609,1273,1274
Gutierrezia microcephala

33188	5249,5257,5258
Menodora scoparia

33892	8738,9115,9116


34809	5154,5157,5158


35461	3449,3582,3583


35533	8738,9151,9152


355


36267	3691,4164,4165


36348	7862,7863,7864


39407	19,31,32
Polystichum dudleyi

41557	5547,5597,5598
Romneya trichocalyx

41653	6677,6887,6888
Rosa californica

4176	609,1644,1645
Monolopia lanceolata

43222	2907,2997,2998


449


4554	609,1758,1759
Raillardiopsis scabrida

45987	7177,7580,7581
Synthyris reniformis

46662	2030,2233,2234
Tiquilia canescens var. canescens

46897	6434,6576,0,6577
Trautvetteria caroliniensis var. occidentalis

47019	8738,9317,9318


470


47411	2240,2688,2689
Tropidocarpum gracile

47425	3215,3224,3225


47833	7177,7595,7596
Verbascum speciosum

48512	7914,7918,7919


48598	8328,8346,8347
Wolffiella oblonga

535


5473	609,1949,0,1950
Trixis californica var. californica

584


76391	8738,8739,8740
Achnatherum brachychaetum

8863


9150


9297


9356


9406


9460


9613


9648


9741


9846


9914


9947


9961


10003


10119


10146


10308


10472


10520


10595


10616


10638


10649


10832


10847


11031


11093


11152


11196


11206


11259


11444


11488


114


13126	2030,2031,2032
Amsinckia eastwoodiae

14319	8738,8827,8828


16006	7088,7093,7094
Boykinia occidentalis

16431	2696,2697,2698


18889	7625,7628,7629
Chamaesaracha nana

20068	3449,3555,3556
Comarostaphylis diversifolia subsp. diversifolia

2010	609,917,918
Chamaemelum nobile

21979	8695,8705,8706
Cypripedium fasciculatum

22319	8738,8929,8930
Danthonia californica var. americana

23131	2240,2422,2423
Diplotaxis tenuifolia

23751	2702,2709,2710
Echinocereus triglochidiatus

2504	609,1055,1056


2510	609,1059,1060


25737	7869,7870,7871
Fagonia pachyacantha

27188	8695,8712,8713


27768	570,573,574


28058	9345,9348,9349
Heteranthera limosa

29890	6927,7025,7026


30284	5936,6222,6223


30618	5654,5802,5803
Leptodactylon jaegeri

31492	2874,2877,2878
Lonicera ciliosa

3244	609,1308,1309
Helianthus bolanderi

32865	583,604,605


32878	2240,2565,2566


34900	6677,6813,6814


378


38251	4937,4938,0,4939
Pinguicula vulgaris subsp. macroceras

392


4089	609,1620,1621


41203	8738,9266,9267


415


43134	2874,2892,2893
Sambucus mexicana

43157	6677,6911,0,6912
Sanguisorba minor subsp. muricata

43325	7088,7147,7148
Saxifraga bryophora

43465	329,533,534


43847	7177,7570,7571
Scrophularia californica

44236	265,284,285


44409	5042,5095,5096
Sidalcea calycosa subsp. calycosa

44763	329,535,536


45018	8185,8232,8233
Sparaxis tricolor

45130	5042,5133,5134
Sphaeralcea ambigua var. ambigua

45943	2030,2230,2231
Symphytum officinale

46354	2240,2668,2669
Thelypodium crispum

48745	329,551,552


48893	8349,8686,8687
Zigadenus exaltatus

518


569


604


657


77287	2030,2137,2138
Lappula redowskii var. cupulata

8811


8860


8947


9001


9391


9463


9566


9764


9845


9944


99


10028


10154


10190


10213


10266


10288


10309


10406


10473


10536


10543


10550


10565


10587


10604


10662


10712


10749


10833


10846


10882


10961


10976


10998


11005


11023


11030


11041


1106	609,701,702
Arnica cernua

11092


11126


11131


11140


11153


11184


11207


11229


11258


11337


11342


11386


11463


11508


115


11823	5194,5209,5210


12765	7773,7774,7775


12873	2240,2241,2242
Alyssum desertorum

133


13611	3084,3087,3088


13876	7836,7837,7838
Arceuthobium americanum

14284	8738,8825,8826


146


15481	2240,2325,2326
Barbarea verna

15519	1993,1994,1995


15610	3618,3621,3622


16072	2240,2329,2330
Brassica napus

16213	8738,8858,8859
Bromus anomalus

16349	2691,2692,2693
Buddleja saligna

1867	609,854,855
Calycadenia hooveri

19035	609,920,921
Chamomilla suaveolens

19045	8185,8186,8187


20306	7177,7295,7296
Cordylanthus eremicus

21356	3375,3382,0,3383
Cucumis melo var. dudaim

21781	7928,8084,8085
Cyperus bipartitus

22210	8738,8925,8926


23008	6927,6932,6933


23634	3284,3295,3296
Dudleya abramsii subsp. abramsii

23790	8738,8952,8953
Echinochloa crus-galli

2385	609,1020,1021
Cosmos sulphureus

24052	8169,8172,8173
Elodea nuttallii

24416	46,47,48
Equisetum hyemale

24649	8738,9008,0,9009
Eriochloa acuminata var. acuminata

25109	2240,2463,2464
Erysimum capitatum

25883	5165,5166,5167


25965	4945,4946,4947


25972	329,407,408


25


28036	4965,4966,4967
Hesperolinon bicarpellatum

28428	5042,5063,5064
Horsfordia newberryi

28898	567,568,569


289


29181	8185,8195,8196
Iris chrysophylla

29929	7928,8130,8131


30044	7928,8132,8133


30453	8328,8329,8330
Lemna gibba

308


322


32345	6677,6804,6805
Lyonothamnus floribundus subsp. aspleniifolius

32817	66,67,68
Marsilea vestita

33300	3618,3677,3678


33923	4745,4789,4790
Monardella antonina subsp. antonina

34444	5654,5855,5856
Navarretia breweri

344


34581	4745,4843,4844


34674	3084,3193,3194
Nitrophila occidentalis

35443	4745,4845,4846


35514	7177,7459,7460
Orthocarpus cuspidatus

35732	5936,6236,6237
Oxytheca dendroidea

357


36203	5547,5590,5591
Papaver californicum

36528	2030,2163,2164
Pectocarya linearis

37885	4518,4710,4711
Pholistoma auritum var. arizonicum

38254	195,210,211
Pinus attenuata

39009	4745,4855,4856


39373	8738,9247,9248
Polypogon elongatus

393


3


41028	6578,6581,6582
Reseda lutea

414


4180	609,1649,1650
Monoptilon bellioides

429


43020	7625,7680,7681


4303	609,1684,1685
Perityle inyoensis

43443	7088,7165,7166


43819	8738,9275,9276


4428	609,1703,1704
Pluchea sericea

4446	609,1706,1707


4503	609,1728,1729


4516	609,1730,1731


45831	3084,3209,3210
Suaeda californica

46278	6434,6569,6570
Thalictrum fendleri

4646	609,1776,1777


4655	609,1778,0,1779
Schkuhria multiflora var. multiflora

46727	7088,7175,7176


47815	8738,9328,9329


47941	7177,7600,7601
Veronica anagallis-aquatica

48612	19,42,43
Woodsia plummerae

48934	6586,6674,0,6675
Ziziphus obtusifolia var. canescens

519


537


542


61


623


641


703	609,617,618


76525	8349,8354,8355
Allium acuminatum

76930	8349,8560,8561
Fritillaria affinis var. affinis

77118	92,131,132
Pentagramma triangularis

77188	2240,2323,2324


776	609,633,634
Agoseris apargioides var. apargioides

802	609,646,647


8762


8803


8810


8876


8915


8920


8982


9013


9152


9178


9196


9259


9277


9369


9404


9417


9567


9574


9585


9655


9765


9822


9857


9880


9893


	4316,4326,4327
Quercus agrifolia

10063


10153


10184


10207


10232


10319


10320


10333


10355


10386


10452


10474


10580


10827


10841


11002


11095


11172


11213


11239


11323


11396


11406


11411


11442


11499


11733	256,257,258
Acer glabrum

11849	6434,6435,6436


11994	8738,8760,8761
Aegilops ovata

12357	8738,8788,8789
Aira elegantissima

12714	2016,2017,0,2018
Alnus incana subsp. tenuifolia

127


13031	5029,5030,5031
Ammannia robusta

13330	8349,8428,8429


13355	6434,6441,6442
Anemone drummondii

134


141


156


15738	11,12,13


1591	609,779,780


16812	2767,2768,2769


16885	8349,8517,8518
Camassia quamash subsp. breviflora

1761	609,825,826


17


1862	609,851,852
Calendula officinalis

18898	3618,3623,3624
Chamaesyce albomarginata

19131	3084,3147,3148
Chenopodium ambrosioides

20071	7920,7921,7922


20432	5547,5555,5556
Corydalis caseana

211


22430	265,275,276


22733	2907,2939,0,2940
Dianthus armeria subsp. armeria

228


22930	7177,7334,7335


23143	7723,7724,7725


23189	6393,6403,6404
Dodecatheon clevelandii

23466	4518,4519,4520


24208	8738,8985,8986
Elytrigia intermedia

242


2430	609,1044,1045


2448	609,1049,1050


2562	609,1067,1068
Encelia californica

25672	4374,4385,4386


26012	4359,4360,0,4361
Fouquieria splendens subsp. splendens

264


277


28033	7736,7739,7740


28196	5042,5059,5060
Hibiscus lasiocarpus

29947	4738,4739,0,4740
Koeberlinia spinosa subsp. tenuispina

30926	8349,8592,8593
Lilium columbianum

31035	5654,5806,5807
Linanthus ambiguus

31252	2030,2142,2143
Lithospermum californicum

31347	2240,2557,2558


31681	3691,4023,4024
Lupinus affinis

325


32649	5042,5089,5090


32810	4745,4775,4776


32928	3691,4139,4140
Medicago lupulina

33193	4745,4779,4780
Mentha × piperita

3419	609,1376,1377
Heterotheca oregona

343


34797	5243,5246,5247
Nymphaea odorata

35431	329,481,482
Oreonana purpurascens

36518	3072,3079,3080


36802	7901,7908,7909


37632	3691,4171,4172


3772	609,1523,1524
Leontodon taraxacoides subsp. longirostris

38189	3691,4173,4174
Pickeringia montana var. montana

38232	66,70,71


387


39963	4745,4857,4858
Prunella vulgaris var. lanceolata

400


40374	6677,6880,0,6881
Purshia mexicana var. stansburyana

40381	4745,4861,4862


41372	4450,4451,4452
Ribes aureum

413


42554	8738,9268,9269


42572	2907,2991,2992
Sagina decumbens

42673	7038,7045,7046
Salix arctica

4289	609,1682,1683


43661	7928,8145,0,8146
Scirpus acutus var. occidentalis

44042	141,142,143
Selaginella bigelovii

44296	3431,3434,3435


45038	8738,9293,9294
Spartina densiflora

45124	329,537,538


46560	7088,7171,7172
Tiarella trifoliata var. trifoliata

4661	609,1780,1781


4672	609,1784,1785
Senecio aronicoides

46922	7869,7879,7880


47575	7736,7749,7750
Urtica dioica subsp. gracilis

475


47754	7754,7771,7772


48518	8185,8235,8236
Watsonia meriana

48619	11,14,15


48691	3449,3616,3617


488


48950	9397,9401,9402
Zostera pacifica

4957	609,1838,0,1839
Solidago altissima var. altissima

4


530


545


5572	609,1968,1969
Wyethia bolanderi

581


596


602


637


646


651


66


68684


69166


722	609,625,626
Adenophyllum porophylloides

77210	6677,6769,6770
Horkeliella purpurascens

77423	609,699,700


77966	3226,3266,3267
Dichondra occidentalis

8798


8817


8822


8866


8871


8912


8927


8978


9032


9076


9119


9186


9249


9384


9465


9498


9559


9573


9638


9652


9726


9825


9887


9894


9999


	8328,8337,8338
Spirodela punctata

10048


10062


10071


10141


10152


10178


10196


10206


10321


10466


10475


10488


10545


10563


10581


10592


10602


10611


10628


10664


10714


10758


10761


10826


10857


11003


11047


11119


11120


11146


11173


11212


11238


11308


11331


113


11443


11476


11498


11687	6677,6678,6679
Acaena pinnatifida

11877	7901,7902,7903


12026	4512,4513,4514


12268	8738,8766,8767
Agrostis blasdalei

12476	5194,5211,5212


1261	609,751,0,752
Aster alpigenus var. andersonii

126


12707	3449,3450,3451


135


13872	3449,3452,3453


13901	5547,5548,5549


140


15350	7705,7706,7707


15604	2702,2703,2704


157


16523	2240,2335,2336
Cakile maritima

16797	6434,6452,0,6453
Caltha leptosepala var. biflora

16828	8695,8696,8697


16888	2240,2338,2339


18731	3691,3887,0,3888
Cercidium floridum subsp. floridum

1922	609,877,878
Centaurea cyanus

20157	2240,2400,2401


20511	6677,6713,6714
Cotoneaster pannosa

207


210


229


23717	2702,2707,0,2708
Echinocactus polycephalus var. polycephalus

24038	8738,8961,8962
Eleusine tristachya

25172	8349,8546,8547
Erythronium citrinum

25241	2702,2712,2713
Escobaria vivipara var. alversonii

26094	5249,5252,5253
Fraxinus dipetala

26556	3691,3905,3906
Genista linifolia

26564	4374,4387,0,4388
Gentiana affinis var. ovata

265


26995	2770,2803,2804
Githopsis diffusa subsp. candida

27060	3368,3372,3373
Glossopetalon spinescens

27405	4500,4501,4502


27573	3084,3181,3182


27714	8349,8583,8584
Hastingsia serpentinicola

28291	4515,4516,4517


29592	8238,8239,8240
Juncus acutus

298


30147	8738,9076,9077


30374	5042,5069,5070
Lavatera assurgentiflora

30424	3449,3571,3572


30474	3691,3956,3957


30913	8318,8319,8320


31027	7177,7366,7367
Limosella aquatica

31360	5654,5852,5853
Loeseliastrum schottii

31665	5263,5464,5465
Ludwigia palustris

31669	6677,6802,6803


324


32545	2240,2563,2564


33069	5151,5152,5153


33316	2030,2147,2148
Mertensia ciliata

3360	609,1326,1327
Hemizonia clementina

33885	4745,4785,4786


33962	3084,3189,3190
Monolepis pusilla

351


35457	3691,4155,4156
Ornithopus sativus

3562	609,1412,1413
Hulsea brevifolia

36354	8738,9168,9169


36634	3691,4166,4167
Pediomelum castoreum

3667	609,1464,1465


37984	3449,3586,3587
Phyllodoce empetriformis

38108	2240,2569,2570


38787	8738,9207,9208
Poa atropurpurea

395


40059	2907,2989,2990


40272	3449,3593,3594


40991	2240,2575,2576
Raphanus sativus

42599	7883,7892,7893
Sagittaria latifolia

43527	8738,9273,9274


438


4482	609,1710,1711


45023	9383,9384,9385
Sparganium emersum

45704	2240,2619,2620


45718	2240,2621,2622
Streptanthus albidus subsp. albidus

45861	7088,7167,7168


45871	8738,9310,9311


47317	5194,5240,5241
Tripterocalyx micranthus

47345	8349,8655,8656
Triteleia clementina

47455	4518,4722,4723


49


5397	609,1926,1927


603


625


68199


70


76475


77137	7920,7923,7924


77226	3691,3892,3893


77286	2030,2114,2115
Echium plantagineum

846	609,665,666


8764


8799


8805


8816


8823


8867


8870


8913


8984


9006


9015


9077


9121


9190


9204


9248


9352


9385


9396


9428


9464


9558


9561


9572


9583


9653


9745


9763


9851


9886


9895


9907


9929


	8349,8426,8427


10128


10137


10142


10186


10195


10205


10322


10357


10393


10414


10429


10450


10465


10582


10601


10612


1066	609,688,689
Anthemis cotula

10810


10836


10843


10854


10869


10915


11035


11079


110


11145


11181


11192


11211


11321


11347


11404


11413


11439


11894	6434,6437,6438


12119	4745,4753,4754
Agastache urticifolia

12696	5654,5655,5656
Allophyllum gilioides

13179	553,554,555


13619	329,350,351


13650	265,266,267


13860	570,571,572


14168	8738,8812,8813
Aristida californica

14304	6677,6693,0,6694
Aruncus dioicus var. pubescens

14494	8349,8433,8434


154


15809	7736,7737,7738


15


16139	8349,8438,8439
Brodiaea californica

1622	609,795,0,796
Baileya multiradiata var. multiradiata

16684	2757,2758,2759
Callitriche heterophylla

16894	5263,5264,5265
Camissonia arenaria

17198	2907,2931,2932


1895	609,867,868
Carduus nutans

20126	265,271,272


20254	6434,6460,6461


21017	3226,3264,3265


21766	8738,8922,8923
Cynosurus echinatus

22213	8738,8927,8928


22377	3417,3418,3419


22848	8349,8535,8536
Dichelostemma capitatum subsp. capitatum

23180	2240,2425,2426
Dithyrea maritima

23524	19,27,28
Dryopteris expansa

23860	3431,3432,3433


239


24093	8738,8964,8965
Elymus californicus

24221	5936,5991,5992
Emex spinosa

24546	5042,5051,5052
Eremalche parryi

24990	8738,9012,9013
Erioneuron pulchellum

26486	3449,3561,3562
Gaultheria ovatifolia

26991	5936,6216,6217


27040	6393,6416,6417


27443	2907,2943,0,2944
Gypsophila elegans var. elegans

27512	2030,2117,2118
Hackelia bella

275


28003	5042,5057,5058


28011	2907,2947,2948
Herniaria hirsuta subsp. cinerea

2813	609,1189,1190
Eriophyllum ambiguum var. ambiguum

29342	2240,2502,2503


30500	4745,4766,4767
Lepechinia cardiophylla

31013	5645,5648,5649
Limonium californicum

32177	2907,2957,2958


32397	5029,5033,5034
Lythrum hyssopifolia

32686	2702,2722,2723
Mammillaria grahamii

327


33742	2907,2959,2960
Minuartia decumbens

33880	5159,5162,5163
Mollugo verticillata

33989	6318,6382,6383
Montia dichotoma

34144	8349,8616,8617
Muilla coronata

341


35155	72,82,83
Ophioglossum pusillum

36384	8738,9170,9171
Paspalum distichum

3647	609,1459,1460
Iva axillaris

3725	609,1483,1484
Lasthenia californica

37356	3691,4169,4170


37378	7625,7664,7665


37691	5602,5609,5610
Philadelphus microphyllus

38629	8695,8730,8731
Platanthera leucostachys

38956	2852,2867,0,2868
Polanisia dodecandra subsp. trachysperma

3912	609,1558,1559


396


40234	16,17,0,18
Pteridium aquilinum var. pubescens

40307	8738,9257,9258
Puccinellia howellii

4038	609,1576,1577
Madia bolanderi

40994	2240,2578,2579


411


41238	7928,8138,8139
Rhynchospora californica

4214	609,1663,1664


4267	609,1671,0,1672
Pectis papposa var. papposa

43241	583,606,0,607
Sarcostemma cynanchoides subsp. hartwegii

43271	7080,7083,7084


43505	315,324,325
Schinus terebinthifolius

43586	7928,8143,8144


4548	609,1751,1752
Rafinesquia neomexicana

4577	609,1761,1762


4663	609,1782,1783


46754	8738,9314,9315
Torreyochloa pallida

46791	315,327,328


468


46920	265,288,289


477


48407	7862,7865,7866
Vitis girdiana

48829	7901,7912,7913


5457	609,1946,0,1947
Trimorpha acris var. debilis

583


626


635


64


653


68530


68686


73


74456


76331	8738,9195,9196
Piptatherum miliaceum

77097


77533	6434,6522,6523
Myosurus cupulatus

77538


8789


8806


8859


8864


8873


8936


8943


8969


9063


9122


9148


9184


9272


9412


9489


9508


9562


9580


9650


9665


9719


9760


9782


9827


9885


9939


9975


11134


11475


18612	6927,6928,0,6929
Cephalanthus occidentalis var. californicus

19525	3375,3380,0,3381
Citrullus colocynthis var. lanatus

2511	609,1061,1062


27009	8185,8192,8193
Gladiolus tristis

32600	5042,5084,5085
Malva nicaeensis

34261	4503,4506,4507
Myriophyllum hippuroides

5482	609,1957,1958


5489	609,1959,1960
Verbesina encelioides

803	609,648,649
Ambrosia ambrosioides

8767


10129


10143


10349


10356


10385


10428


10451


10518


10583


10590


10600


10613


10666


10709


10811


10824


10842


10855


10907


11001


11027


11034


11045


11052


11078


11096


11135


11144


11157


11171


111


11203


11210


11269


11276


11333


11395


11412


11441


11467


11474


11939	6677,6681,6682
Adenostoma sparsifolium

12469	3084,3085,3086


124


137


142


15571	7088,7089,7090


15587	1996,2000,2001
Berberis aquifolium var. aquifolium

16042	8738,8852,8853
Brachypodium pinnatum

16856	3226,3227,0,3228
Calystegia atriplicifolia subsp. buttensis

168


1859	609,849,850


19221	3449,3552,3553
Chimaphila umbellata

19325	5936,5941,5942
Chorizanthe biloba

1957	609,890,891
Chaenactis artemisiifolia

19682	6434,6454,6455
Clematis ligusticifolia

199


20133	329,368,369


2024	609,927,928
Chrysanthemum coronarium

21172	6927,6930,6931


212


21


22182	19,25,26


2323	609,1008,1009
Coreopsis californica

238


241


24282	184,185,186
Ephedra californica

24602	3449,3559,3560


25257	5179,5180,5181
Eucalyptus citriodora

2583	609,1081,1082
Ericameria bloomeri

26459	4366,4367,4368
Garrya congdonii

26734	4416,4426,4427
Geranium bicknellii

27397	290,310,0,311
Guilleminea densa var. aggregata

27876	3215,3221,3222
Helianthemum scoparium

28070	2240,2494,2495


28532	2847,2850,2851


28970	8738,9069,9070


29129	5654,5784,5785
Ipomopsis aggregata subsp. bridgesii

30167	7773,7778,7779
Lantana montevidensis

30255	7869,7877,7878


30431	8738,9078,9079


30824	6318,6362,6363
Lewisia cantelovii

30890	329,419,420
Ligusticum californicum

31118	2874,2875,0,2876
Linnaea borealis var. longiflora

31144	4965,4980,4981
Linum grandiflorum

3182	609,1277,1278
Hazardia cana

32148	8238,8311,8312
Luzula divaricata

32493	8349,8614,8615


33973	8738,9136,9137


34174	8349,8621,8622


34248	5175,5176,5177
Myrica hartwegii

34415	8738,9138,9139
Nassella formicarum

35379	8738,9145,9146
Orcuttia inaequalis

3676	609,1466,1467
Lactuca canadensis

37403	4518,4587,4588
Phacelia affinis

3744	609,1504,1505
Layia chrysanthemoides

37600	8738,9179,9180
Phalaris aquatica

38163	5614,5615,5616


38231	6431,6432,6433


384


38969	5654,5916,5917
Polemonium carneum

40273	5936,6291,6292


41517	3691,4198,4199
Robinia pseudoacacia

4190	609,1654,1655
Nothocalais troximoides

42456	7029,7034,7035


43288	4745,4888,4889
Satureja douglasii

4352	609,1693,0,1694
Petradoria pumila subsp. pumila

4356	609,1697,1698


44243	8738,9283,9284
Setaria gracilis

45173	329,539,540


45213	6677,6924,6925
Spiraea douglasii

45534	8349,8641,8642


45791	609,1890,1891
Stylocline gnaphaloides

45797	5547,5600,5601


46004	5936,6316,6317


4633	609,1772,1773


47599	4937,4940,4941
Utricularia intermedia

476


498


5221	609,1908,1909
Taraxacum officinale

546


582


58


595


627


645


652


65


68254


68364


77323	7754,7757,7758
Plectritis ciliosa

77428	609,1374,1375


7


8814


884	609,671,672
Antennaria corymbosa

8865


8937


8955


8986


9031


9149


9219


9260


9291


9343


9394


9400


9413


9488


9570


9628


9718


9747


9761


9826


9884


9897


9905


10016


10030


10052


10100


10218


10254


10290


10359


10360


10373


10427


10434


10441


10485


10571


10625


10632


10650


10755


10801


1082	609,692,693
Arctium minus

10838


10874


10980


11011


11028


11107


11279


11284


11437


11495


11503


11520	195,196,197
Abies bracteata

11696	3618,3619,3620


12131	8349,8350,8351
Agave shawii

12171	6677,6684,6685


13665	6434,6448,6449
Aquilegia formosa

138


14016	2907,2912,2913
Arenaria congesta

14109	5547,5550,5551
Argemone munita

14334	575,578,579
Asarum hartwegii

14486	2030,2053,2054


15178	2240,2321,2322


15380	7,8,9
Azolla mexicana

15970	8738,8845,0,8846
Bouteloua aristidoides var. aristidoides

16367	7928,7929,7930


16417	329,359,360


16644	3691,3883,3884


174


18147	7617,7620,7621


18742	6677,6695,6696
Cercocarpus betuloides var. betuloides

1891	609,864,865
Calycoseris wrightii

196


20020	5654,5662,5663
Collomia grandiflora

20259	8695,8700,8701
Corallorhiza mertensiana

20721	6677,6716,6717
Crataegus suksdorfii

21750	2030,2110,2111
Cynoglossum occidentale

22172	19,23,24


22267	3691,3900,3901
Dalea mollissima

23134	3420,3421,3422
Dipsacus sativus

23633	6677,6719,6720


237


23812	7883,7890,7891


23852	8738,8958,8959
Ehrharta erecta

24685	5936,5994,5995
Eriogonum ampullaceum

251


26195	5547,5581,5582
Fumaria parviflora

26538	5263,5453,5454
Gayophytum diffusum

27041	4745,4756,4757


27187	5936,6218,6219


27438	5654,5782,5783


27903	2030,2132,2133
Heliotropium convolvulaceum

28266	8738,9048,9049
Hierochloe odorata

282


2933	609,1216,1217


29557	7088,7119,7120
Jepsonia malvifolia

295


30039	6434,6520,6521


3006	609,1226,1227
Gaillardia pulchella

30144	8738,9074,9075


30795	8349,8590,8591


30919	329,423,424
Lilaeopsis occidentalis

31080	7177,7370,7371
Linaria canadensis

310


31296	2770,2819,0,2820
Lobelia cardinalis var. pseudosplendens

31676	2240,2559,2560


3189	609,1290,1291


32203	7625,7636,7637
Lycium barbarum

32422	609,1560,1561
Machaeranthera asteroides

32747	3375,3389,3390
Marah horridus

32887	7177,7383,0,7384
Maurandya antirrhiniflora subsp. antirrhiniflora

329


33474	609,1622,1623
Micropus californicus

336


33863	5042,5091,5092


34044	5936,6224,6225
Mucronea perfoliata

34054	8738,9117,9118
Muhlenbergia appressa

34641	7625,7654,0,7655
Nicotiana acuminata var. multiflora

35195	2702,2726,0,2727
Opuntia acanthocarpa var. coloradensis

35854	5543,5544,5545
Paeonia californica

35923	8738,9153,9154
Panicum acuminatum var. acuminatum

365


37235	6677,6815,6816


372


38415	7901,7910,7911


39648	6677,6824,6825
Potentilla anserina subsp. anserina

398


40055	8738,9253,0,9254
Pseudoroegneria spicata subsp. spicata

42362	5936,6293,6294
Rumex conglomeratus

42445	3691,4201,4202
Rupertia physodes

4412	609,1701,1702


44299	6927,7027,7028


44491	2907,3003,3004
Silene aperta

44931	5617,5623,5624


44


45629	3618,3681,3682
Stillingia paucidentata

4584	609,1765,1766
Rudbeckia californica var. californica

46571	290,312,313
Tidestromia oblongifolia

466


46732	7177,7583,7584


47028	6393,6425,6426
Trientalis latifolia

47195	8318,8321,8322
Triglochin concinna var. concinna

479


484


505


5114	609,1851,1852
Sonchus asper

5413	609,1932,1933
Townsendia leptotes

549


556


563


57


628


76341	609,1530,1531
Lessingia filaginifolia

77539	609,695,696


80


8794


8808


8844


8893


8901


8989


8


9018


9146


9160


9173


9216


9245


9281


9326


9375


93


9432


9469


9487


9494


9542


9555


9591


9641


9771


9829


9924


9982


9995


11235


13086	8738,8801,8802


18562	8738,8899,8900
Cenchrus echinatus

20454	2016,2025,0,2026
Corylus cornuta var. californica

21073	3368,3369,3370
Crossosoma californicum

22540	5547,5558,5559
Dendromecon rigida

28723	8738,9067,9068


32349	7901,7906,7907


43474	9380,9381,0,9382
Scheuchzeria palustris subsp. americana

453


46211	3618,3685,3686
Tetracoccus hallii

497


678	609,615,616


851	609,669,670


8974


	4416,4440,4441
Pelargonium grossularioides

10008


10044


10053


10101


10112


101279	5145,5146,5147
Proboscidea louisianica

10138


10174


10189


10219


10282


10303


103065	4745,4863,4864


10314


10358


10435


10479


10484


10493


10570


10624


10633


10707


10866


1089	609,697,698


10909


10992


11029


11087


11106


11115


11160


11234


11252


11296


11357


11362


11371


11494


11511


13340	2240,2246,2247


13604	8738,8809,8810
Apera spica-venti

14137	92,97,98
Argyrochosma limitanea

14260	5645,5646,0,5647
Armeria maritima subsp. californica

14656	3691,3718,0,3719
Astragalus accidens var. hendersonii

15160	19,20,0,21
Athyrium alpestre var. americanum

15743	8738,8839,8840


15764	8349,8435,8436
Bloomeria humilis

16062	2699,2700,2701


1634	609,799,800
Balsamorhiza hirsuta

166


16952	2770,2771,2772
Campanula californica

17114	3691,3885,3886


17960	251,252,253


17970	5602,5603,5604


18827	6677,6709,6710


188


19219	2027,2028,0,2029
Chilopsis linearis subsp. arcuata

19419	7088,7097,7098


19474	8738,8908,8909
Cinna latifolia

197


20423	2240,2402,2403
Coronopus squamatus

21181	8738,8914,8915
Crypsis schoenoides

22313	7883,7888,7889


22394	329,389,390
Daucus pusillus

22404	5936,5987,5988


22437	6434,6462,6463
Delphinium antoninum

225


23161	8738,8950,8951


236


2394	609,1026,1027
Crepis bakeri

24450	8738,8993,8994
Eragrostis cilianensis

25059	2240,2461,2462


250


25756	6677,6721,6722


26048	4362,4363,4364
Frankenia salina

269


27694	2030,2130,2131


28020	609,1365,1366
Hesperevax acaulis var. acaulis

28069	2770,2815,2816


28072	6677,6731,6732


28335	8738,9051,9052
Holcus mollis

28341	5936,6220,6221


28344	6677,6733,6734
Holodiscus microphyllus

283


28595	8169,8175,8176


29028	3226,3269,3270
Ipomoea mutabilis

29421	2852,2863,2864


29471	8185,8216,8217


29815	251,254,255


29857	7869,7873,7874
Kallstroemia grandiflora

29880	7177,7347,7348
Keckiella antirrhinoides var. antirrhinoides

302


3052	609,1232,1233


3060	609,1239,1240
Gnaphalium californicum

30642	5179,5190,5191


30


311


328


33072	8738,9100,9101
Melica bulbosa

33783	5194,5221,5222
Mirabilis bigelovii

337


34705	7177,7457,7458


3577	609,1426,1427
Hymenoclea salsola

37311	4990,5023,5024
Petalonyx nitidus

3764	609,1521,1522


38418	3691,4177,4178


39029	2240,2571,2572
Polyctenium fremontii var. confertum

39520	2770,2842,2843


39948	3691,4179,0,4180
Prosopis glandulosa var. torreyana

41067	6586,6658,6659
Rhamnus californica

4189	609,1652,1653


423


43445	3420,3424,3425
Scabiosa stellata

44178	246,249,250


44217	3691,4210,4211


44649	2240,2604,2605
Sisymbrium erysimoides

44779	8349,8635,8636
Smilacina stellata

46263	4745,4914,0,4915
Teucrium cubense subsp. depressum

46884	3618,3689,3690


47326	8738,9319,9320
Trisetum cernuum

47408	7726,7727,7728


47431	8738,9325,9326
Tuctoria mucronata

47469	3691,4294,4295


47824	8349,8674,0,8675
Veratrum californicum var. californicum

48666	8349,8679,8680


504


5290	609,1911,1912
Tetradymia axillaris

5379	609,1924,0,1925
Thymophylla pentachaeta var. belenidium

5454	609,1942,0,1943
Trichocoronis wrightii var. wrightii

5481	609,1955,1956


548


5590	609,1979,1980
Xanthium strumarium

562


56


571


629


76212	609,1951,1952


76477	2240,2485,2486
Guillenia lasiophylla

81


8724


8768


8795


8809


8830


8856


8966


8988


8997


9019


9114


9172


9280


9374


9389


9442


9468


9495


9507


9518


9521


9532


9590


9635


9716


9770


9802


9925


9936


9994


9


10031


10361


10651


11502


32551	315,316,317


478


9828


	8185,8188,8189


10014


10021


10032


10111


10124


10160


10177


10209


10223


10278


10281


10292


10362


10371


103


10418


10425


10436


10443


10573


10630


10641


10704


10858


10955


10991


11048


11066


11075


11084


11116


11220


11237


11242


11264


11408


11453


11501


1162	609,719,720
Artemisia arbuscula

12457	3691,3711,3712


13197	6393,6394,6395


13319	6393,6396,0,6397
Androsace elongata subsp. acuta

13402	329,337,338
Angelica breweri

13523	329,348,349


13686	2240,2250,2251
Arabis blepharophylla

14266	2240,2319,2320


14303	7901,7904,7905


14348	583,586,587
Asclepias asperula

15511	3084,3143,3144


165


16709	157,158,159


16845	6318,6324,6325
Calyptridium monospermum

176


18418	2240,2394,2395


18532	7729,7730,7731


18627	2907,2933,2934
Cerastium beeringianum

18736	3691,3890,3891


19440	4374,4383,4384


19543	7928,8082,8083


19563	5263,5341,5342
Clarkia amoena

19748	2852,2858,2859
Cleomella obtusifolia

20063	7077,7078,0,7079
Comandra umbellata subsp. californica

20136	329,370,371


208


21120	3618,3651,3652
Croton wigginsii

21654	329,374,375
Cymopterus cinerarius

21994	265,273,274


22340	7080,7081,7082


22342	7088,7099,7100


22608	2240,2408,2409
Descurainia incana

226


22954	8738,8945,8946
Digitaria sanguinalis

2425	609,1042,1043


25003	7928,8123,8124
Eriophorum gracile

25037	4416,4417,4418
Erodium brachycarpum

25300	2240,2483,2484


25302	4990,4991,4992
Eucnide urens

25535	3618,3662,3663
Euphorbia dentata

26442	7177,7338,7339


26866	5654,5690,5691
Gilia achilleifolia subsp. achilleifolia

27306	3084,3179,3180


279


280


29021	8349,8588,8589


2966	609,1218,1219
Filago californica

29749	157,175,176
Juniperus communis

297


30869	8185,8218,8219


30968	4945,4948,4949
Limnanthes alba subsp. alba

31222	8695,8714,8715
Listera convallarioides

312


3231	609,1302,1303
Helianthella californica var. californica

32346	2240,2561,0,2562
Lyrocarpa coulteri var. palmeri

32378	6393,6418,6419
Lysimachia thyrsiflora

32435	5165,5168,5169


32512	5042,5073,5074
Malacothamnus aboriginum

33153	3691,4147,4148
Melilotus indicus

3345	609,1323,1324
Heliomeris multiflora

33554	7177,7386,7387
Mimulus androsaceus

33835	8738,9113,9114


33866	2907,2974,2975


34732	8349,8629,8630


34975	5263,5471,5472
Oenothera caespitosa

3561	609,1410,1411


36243	8738,9165,9166
Parapholis strigosa

36263	2770,2840,2841


367


370


3716	609,1474,1475
Lagophylla glandulosa

3721	609,1481,1482


37376	329,515,516


37881	4933,4934,4935
Pholisma sonorae

38548	5625,5626,5627
Plantago coronopus

39031	5926,5927,5928
Polygala californica

39967	6677,6866,6867
Prunus cerasifera

40159	3691,4186,4187
Psorothamnus arborescens var. arborescens

40368	6428,6429,6430


4218	609,1665,1666


44131	3691,4205,4206
Senna covesii

44608	2240,2601,2602
Sinapis arvensis

4461	609,1708,1709


451


4526	609,1732,1733
Pyrrocoma carthamoides

45757	8349,8643,0,8644
Streptopus amplexifolius var. americanus

464


47650	3449,3607,3608
Vaccinium deliciosum

47732	7754,7764,7765
Valeriana occidentalis

48460	8738,9330,9331
Vulpia microstachys

48570	2852,2869,2870
Wislizenia refracta subsp. californica

510


5477	609,1953,1954


5549	609,1962,1963
Viguiera parishii

55


598


639


648


69861	6677,6811,6812


735	609,628,629
Ageratina herbacea

76209


76970	2240,2489,2490
Halimolobos virgata

77116


8796


8819


8855


8868


8891


8903


8976


9092


9100


9221


9232


9247


9302


9324


9399


9427


9474


9593


9636


9715


9759


9889


9926


9979


10490


10652


10696


10865


11251


11361


11372


16498	3691,3879,3880
Caesalpinia spinosa

19483	5263,5339,0,5340
Circaea alpina subsp. pacifica

1994	609,913,914


21617	553,561,562
Cycladenia humilis var. humilis

253


28024	2240,2492,2493


39351	85,86,87
Polypodium calirhiza

40845	6434,6527,6528
Ranunculus alismifolius

442


46


47267	2770,2844,2845
Triodanis perfoliata

48378	7836,7860,7861


507


613


74449


8785


8846


9188


9441


9980


10033


10046


10051


10110


10125


10161


10176


10198


102017	5243,5244,0,5245
Nuphar lutea subsp. polysepala

10208


10244


10257


10279


10345


10419


10424


10442


10468


10572


10626


10653


10705


10756


10828


10859


10918


10990


11049


11117


11139


11221


11236


11243


11355


11373


11409


11427


11452


11478


11496


11500


12200	8738,8764,8765


12841	290,291,292
Alternanthera philoxeroides

13057	3691,3713,3714
Amorpha californica var. californica

13515	8738,8806,8807
Anthoxanthum odoratum

14480	8349,8430,8431
Asparagus officinalis

15188	3084,3089,3090
Atriplex argentea var. argentea

15875	2030,2055,2056


164


17120	2240,2342,2343
Cardamine bellidifolia

1759	609,820,821
Blennosperma nanum

1762	609,827,828
Blepharizonia plumosa subsp. plumosa

177


17969	2702,2705,2706


18114	3449,3550,3551


18609	6393,6401,6402


18


19244	609,923,0,924
Chloracantha spinosa var. spinosa

20062	3691,3894,3895


20202	3226,3260,3261
Convolvulus arvensis

20370	3084,3175,3176


209


21730	583,602,603


23147	8349,8543,8544
Disporum smithii

23475	3427,3428,3429
Drosera rotundifolia

234


23856	9345,9346,9347


2433	609,1046,1047
Cynara scolymus

25205	5547,5568,5569
Eschscholzia californica

252


2611	609,1105,1106
Erigeron algidus

26472	8738,9031,9032


26652	4374,4398,0,4399
Gentianella amarella subsp. acuta

27038	5547,5584,5585


278


281


28401	6677,6738,6739
Horkelia californica

29437	6677,6772,6773
Ivesia aperta var. aperta

296


300


30290	3691,3922,3923
Lathyrus aphaca

313


32229	7625,7649,7650
Lycopersicon peruvianum

32


33961	9345,9351,9352


34209	2030,2156,2157
Myosotis latifolia

34502	5936,6230,6231
Nemacaulis denudata var. denudata

34903	329,478,479
Oenanthe sarmentosa

35132	3691,4153,4154


35496	3449,3584,3585


35560	329,487,488
Osmorhiza brachypoda

36286	2907,2978,2979
Paronychia echinulata

36499	329,495,496


36848	7177,7483,7484
Penstemon anguineus

371


3775	609,1527,1528
Lepidospartum squamatum

37777	5654,5899,5900
Phlox austromontana

37896	7836,7852,7853
Phoradendron densum

37942	7773,7781,7782
Phyla nodiflora

38179	195,206,207
Picea engelmannii

38370	8738,9198,9199


388


38934	4745,4847,4848
Pogogyne clareana

41186	315,320,321
Rhus ovata

4220	609,1667,1668
Palafoxia arida var. arida

42653	3084,3196,3197
Salicornia europaea

43510	8738,9270,9271
Schismus barbatus

436


44396	5042,5093,5094


443


44818	7625,7682,7683
Solanum aviculare

4498	609,1719,1720
Psilocarphus brevissimus var. brevissimus

45170	8738,9299,9300


45262	8695,8735,8736
Spiranthes romanzoffiana

45286	8738,9301,9302
Sporobolus contractus

45338	4745,4903,4904
Stachys ajugoides var. ajugoides

45464	2907,3055,0,3056
Stellaria borealis subsp. sitchana

46217	265,286,287


46311	7029,7036,7037


46551	2240,2683,2684
Thysanocarpus curvipes

465


47029	3691,4222,4223
Trifolium albopurpureum var. albopurpureum

47478	7729,7732,7733
Ulmus parvifolia

47


48020	2874,2905,2906


48534	5602,5612,5613


487


48919	8738,9343,0,9344
Zizania palustris var. interior

4918	609,1836,1837


506


5193	609,1901,1902
Tagetes minuta

5359	609,1922,1923


573


599


612


638


68229


68272


69411


69545	8695,8718,0,8719
Malaxis monophyllos subsp. brachypoda

69


721	609,623,624


77117


79173


83


8753


8784


8797


8818


8854


8869


8902


8928


9057


90


9116


9163


9215


9220


9282


9376


9398


9431


9440


9453


9484


9530


9541


9556


9592


9624


9668


9758


9772


9813


9934


9978


10293


10486


26127	7705,7708,7709
Fremontodendron californicum subsp. californicum

54


76370


9996


10012


10034


101157	61,64,65


10122


10148


10225


10243


10287


10294


10364


10399


10409


10445


10481


10496


10588


105


10621


10654


10746


10849


10863


10870


10935


10979


10984


10997


11082


11103


11198


11208


11257


11262


11338


11352


11389


11507


11537	5194,5195,5196
Abronia gracilis

11599	5042,5043,5044
Abutilon parvulum

11625	3691,3692,3693
Acacia cyclops

12004	3284,3285,0,3286
Aeonium arboreum var. arboreum

12392	5042,5047,5048


12458	7883,7884,7885
Alisma lanceolatum

13586	5194,5213,5214


13622	329,352,353
Apium nodiflorum

15886	5502,5503,5504
Boschniakia strobilacea

16061	3375,3376,3377


1620	609,793,794


163


170


1914	609,872,873
Carthamus lanatus

19262	8738,8904,8905
Chloris verticillata

20111	6586,6656,0,6657
Condalia globosa var. pubescens

21187	2030,2057,2058
Cryptantha ambigua

21329	92,117,118
Cryptogramma cascadensis

219


220


23168	3618,3654,3655
Ditaxis claryana

23256	7177,7336,7337


23272	2770,2783,2784
Downingia bella

23473	265,277,278


24255	8738,8991,8992


24666	4518,4525,4526
Eriodictyon angustifolium

2526	609,1063,1064


255


25713	3072,3073,3074
Euonymus occidentalis var. occidentalis

26675	4374,4401,4402
Gentianopsis simplex

27070	8738,9033,9034
Glyceria elata

27977	3449,3565,3566


28295	2240,2496,2497


28567	2240,2498,2499


28631	4518,4546,0,4547
Hydrophyllum capitatum var. alpinum

286


28954	1986,1987,1988
Impatiens noli-tangere

29898	7177,7363,7364
Kickxia spuria

29951	8738,9071,9072
Koeleria phleoides

30151	4745,4763,4764
Lamium purpureum

314


32313	4745,4771,4772
Lycopus asper

34200	5172,5173,5174


34538	4518,4569,4570
Nemophila heterophylla

34887	8349,8631,8632


35488	329,485,486


35797	3691,4158,0,4159
Oxytropis borealis var. australis

358


35


3602	609,1438,1439
Hymenothrix wrightii

36253	7736,7741,7742
Parietaria hespera var. californica

37367	6677,6817,6818
Petrophyton caespitosum subsp. acuminatum

376


37989	9397,9398,9399
Phyllospadix torreyi

38444	5617,5618,5619
Pittosporum tenuifolium

38924	329,517,518


39452	7038,7039,7040
Populus angustifolia

40243	92,137,138
Pteris tremula

40279	8738,9255,9256


41872	6677,6899,6900
Rubus glaucifolius

4207	609,1657,0,1658
Onopordum acanthium subsp. acanthium

43161	329,519,520
Sanicula arguta

43228	3084,3207,3208


43234	3449,3605,3606


4355	609,1695,1696


43754	2907,2999,0,3000
Scleranthus annuus subsp. annuus

43836	2907,3001,3002


44312	6677,6915,6916


44774	2240,2611,0,2612
Smelowskia ovalis var. congesta

44787	8349,8638,8639
Smilax jamesii

45520	7177,7578,7579


4579	609,1763,1764


45825	7713,7714,0,7715
Styrax officinalis var. redivivus

45916	2874,2898,0,2899
Symphoricarpos albus var. laevigatus

46067	7716,7717,7718
Tamarix chinensis

462


46743	329,548,549
Torilis nodosa

47489	4930,4931,4932


47781	1996,2012,2013
Vancouveria hexandra

48052	3691,4296,0,4297
Vicia americana var. americana

480


493


516


53


5402	609,1928,1929
Tonestus lyallii

552


567


589


615


659


68239


68396


69261


79167


79174


79


8721


8754


8835


8905


8970


9111


9227


9234


9256


9278


9317


9436


9472


9483


9490


9537


9546


9630


9645


9681


9696


9713


10013


10057


10105


10116


10123


10224


10286


10310


10329


10408


10422


10431


10574


10589


10619


10620


10655


10673


10682


10703


10750


10769


10862


10871


10952


10985


11014


11061


11128


11164


11209


11245


11256


11263


11339


11353


11366


11421


11487


11490


11506


11785	1996,1997,1998
Achlys triphylla

11945	92,93,94
Adiantum capillus-veneris

11986	6434,6439,6440


12260	2907,2910,2911


12390	3691,3709,3710


13247	8738,8803,0,8804
Andropogon glomeratus var. scabriglumis

13870	583,584,585


14601	1,2,3
Asplenium trichomanes

148


15340	7773,7776,0,7777
Avicennia marina var. resinifera

15566	7177,7204,7205


15815	5194,5215,5216
Boerhavia coulteri

162


16325	3375,3378,3379


16616	6318,6319,6320
Calandrinia breweri

171


18154	7177,7206,7207
Castilleja affinis subsp. affinis

18352	553,559,560


18392	2240,2371,2372
Caulanthus amplexicaulis var. amplexicaulis

18595	7754,7755,7756


193


2000	609,915,916


20161	6434,6458,6459


2093	609,963,964
Cirsium andrewsii

21477	2240,2405,2406
Cusickiella quadricostata

21623	3084,3177,3178


21640	7177,7332,7333


221


2307	609,1002,1003
Conyza bonariensis

232


25064	329,392,393
Eryngium aristulatum

2527	609,1065,1066


25764	5602,5605,5606


28027	4518,4543,4544
Hesperochiron pumilus

28314	3691,3916,3917


290


29939	3084,3183,3184
Kochia californica

30433	2770,2817,2818


306


31554	3691,3958,3959
Lotus angustissimus

32578	6677,6808,6809
Malus sylvestris

33295	5154,5155,5156


33296	3449,3575,3576


333


33867	2907,2976,0,2977
Moenchia erecta subsp. erecta

33869	7177,7454,7455
Mohavea confertiflora

34367	4518,4551,4552
Nama aretioides var. californicum

34411	8349,8623,8624


34576	8738,9143,9144


34


35105	3691,4151,4152


35598	5527,5528,5529
Oxalis albicans subsp. californica

35715	329,493,494


3584	609,1432,1433
Hymenopappus filifolius var. eriopodus

360


37931	8738,9193,9194


3797	609,1555,1556
Leucanthemum vulgare

38709	3449,3591,3592


39880	6393,6421,6422


4059	609,1600,1601
Malacothrix clevelandii

41122	3284,3345,3346


427


430


43144	6393,6423,6424


43803	2702,2754,2755
Sclerocactus polyancistrus

43820	4965,4988,4989


43959	3284,3347,3348
Sedum divergens

4491	609,1715,1716
Pseudobahia heermannii

44980	6677,6917,6918
Sorbus californica

4550	609,1754,1755
Raillardella pringlei

45873	4374,4404,4405
Swertia albicaulis var. albicaulis

463


46462	3691,4216,4217
Thermopsis macrophylla var. argentata

46986	4745,4917,4918
Trichostema austromontanum subsp. austromontanum

481


500


517


5191	609,1898,1899
Syntrichopappus lemmonii

52


539


5441	609,1936,1937


553


5568	609,1966,1967


5623	609,1982,1983
Xylorhiza orcuttii

566


614


661


668	609,610,611
Acamptopappus sphaerocephalus

77209


77487


78


79166


85


8782


8834


8896


9024


9086


9143


9165


9176


9235


9284


9349


9370


9419


9420


9455


9482


9569


9594


9608


9631


9680


96


9712


9806


9815


9932


	7177,7344,7345
Hebe speciosa

10025


10043


10054


10106


10115


10120


10159


10238


10241


10296


10304


10313


103221	609,1077,1078
Erechtites hieraciifolia

10339


10366


10458


10483


10494


10568


10577


10599


10656


10753


10788


10861


10872


10995


11071


11178


11219


11224


11329


11365


11457


11493


11984	6586,6587,6588


12354	7617,7618,7619


13042	8738,8799,8800


13608	6677,6691,6692


15320	8738,8829,8830
Avena fatua

15385	7177,7199,7200
Bacopa monnieri

15549	8738,8837,8838


15627	3084,3145,3146


15650	2016,2022,2023
Betula occidentalis

1594	609,781,782
Baccharis douglasii

16135	8738,8855,8856
Briza minor

17196	2240,2367,2368
Cardaria draba

172


1789	609,831,832
Brickellia arguta var. arguta

18711	3081,3082,3083


190


21394	157,160,161
Cupressus arizonica

21418	3397,3398,3399
Cuscuta californica

222


22606	8738,8936,8937
Deschampsia cespitosa

23188	5936,5989,5990


231


23926	7928,8103,8104
Eleocharis acicularis var. acicularis

24550	3618,3660,3661


24587	5654,5671,5672
Eriastrum brandegeeae

2508	609,1057,1058


257


25982	5249,5250,5251


26501	5263,5448,5449
Gaura drummondii

27116	3691,3911,3912
Glycyrrhiza lepidota

27553	8738,9040,9041


27740	4745,4758,4759
Hedeoma nana

27997	329,411,412


28378	8738,9054,9055
Hordeum brachyantherum

284


28891	2240,2500,2501


28


293


305


30852	8738,9085,9086
Leymus condensatus

3099	609,1255,1256
Grindelia camporum var. bracteosa

3136	609,1271,1272


3190	609,1292,1293


32239	61,62,63


32548	265,279,280


330


33161	4745,4777,4778


33838	7088,7135,7136
Mitella caulescens

34025	3072,3077,3078


35464	5502,5506,5507
Orobanche californica

35722	5936,6234,6235


36349	3284,3340,3341
Parvisedum leiocarpum

36539	7177,7471,7472
Pedicularis bracteosa

37246	329,497,498
Perideridia bolanderi

374


37877	2240,2567,2568


37


38128	6677,6821,6822
Physocarpus capitatus

38484	2030,2172,2173
Plagiobothrys arizonicus

38664	5547,5595,5596


39552	9353,9354,0,9355
Potamogeton alpinus subsp. tenuifolius

40435	3449,3595,3596
Pyrola asarifolia subsp. asarifolia

424


4331	609,1691,0,1692
Petasites frigidus var. palmatus

433


44305	2240,2596,2597
Sibara filifolia

446


45599	8738,9308,9309


455


45856	2240,2664,0,2665
Subularia aquatica var. americana

46134	2240,2666,2667


46751	241,244,245


46923	4518,4720,4721


47214	8349,8647,8648
Trillium angustipetalum

47462	9383,9390,9391
Typha domingensis

482


491


5143	609,1868,1869
Stephanomeria cichoriacea

514


51


529


550


576


69018


76211	609,1861,1862
Stebbinsoseris heterocarpa

77164	265,268,269
Carpobrotus edulis

79183	8185,8190,8191


849	609,667,668


8781


8828


8895


8907


9027


9052


9113


9210


9243


9306


9364


9434


9445


9470


9481


9492


9500


9544


9579


9597


9621


9647


9702


9711


9777


9805


9816


9984


10011


10042


10099


10107


10114


10121


10158


10165


10312


10338


10482


10503


10569


10576


10598


10622


106


10789


10860


10929


10994


11009


11063


11070


11081


11100


11113


11166


11179


11188


11218


11225


11232


11247


11254


11328


11351


11423


11456


11492


13047	329,333,334


13393	329,335,336


13571	7177,7178,7179
Antirrhinum coulterianum

13649	7898,7899,7900


13904	3449,3454,3455
Arctostaphylos auriculata

14232	575,576,577


15344	8738,8835,8836


15614	329,355,356


160


1652	609,811,812


16534	8738,8886,8887
Calamagrostis breweri

16710	8349,8461,8462
Calochortus amabilis

17207	7928,7931,7932
Carex albida

173


18428	6586,6589,6590
Ceanothus confusus

18606	5936,5939,5940


191


19289	8349,8521,8522
Chlorogalum grandiflorum

19322	2240,2396,2397


19618	6318,6336,6337
Claytonia exigua

19924	2240,2398,0,2399
Cochlearia officinalis var. arctica

20389	3275,3276,3277
Cornus glabrata

20427	8738,8911,8912
Cortaderia selloana

223


24223	4518,4521,4522
Emmenanthe penduliflora var. penduliflora

24335	5263,5410,5411
Epilobium angustifolium

24406	8695,8709,8710
Epipactis helleborine

2453	609,1051,1052


256


27045	329,409,0,410
Glehnia littoralis subsp. leiocarpa

27564	3691,3914,3915


28088	7088,7101,7102
Heuchera brevistaminea

28323	3691,3918,3919
Hoita orbicularis

292


29370	53,54,55
Isoetes echinospora

29427	6434,6517,6518
Isopyrum stipitatum

30158	5654,5798,5799
Langloisia setosissima subsp. punctata

3054	609,1234,1235
Geraea viscida

30738	2240,2550,2551
Lesquerella kingii subsp. bernardina

31191	7928,8134,8135
Lipocarpha micrantha

31232	4316,4322,4323
Lithocarpus densiflorus var. densiflorus

317


3191	609,1294,1295
Helenium autumnale

32771	3691,4136,0,4137
Marina orcuttii var. orcuttii

32919	5547,5586,5587
Meconella denticulata

33915	4745,4787,4788


33957	3449,3577,3578


34052	5936,6227,6228
Muehlenbeckia hastulata

34350	8169,8177,8178
Najas gracillima

34503	2770,2822,2823
Nemacladus glanduliferus

35090	5249,5261,5262


3557	609,1403,1404
Holocarpha macradenia

36775	92,122,123
Pellaea brachyptera

38040	7625,7666,7667
Physalis crassifolia

38350	8695,8720,8721
Piperia cooperi

38712	8738,9203,9204
Pleuropogon hooverianus

39147	5936,6248,6249
Polygonum amphibium var. emersum

41552	4518,4716,4717
Romanzoffia sitchensis

418


42449	9353,9377,9378
Ruppia maritima

43


447


46109	241,242,243


46142	7088,7169,7170


461


46497	2240,2679,2680
Thlaspi californicum

47293	7177,7585,7586
Triphysaria eriantha subsp. eriantha

483


48962	7869,7881,7882


502


50


5122	609,1856,1857
Sphaeromeria potentilloides

5137	609,1864,1865
Stenotus lanuginosus

5443	609,1938,1939
Tragopogon porrifolius

551


577


609


663


68412


68809


713	609,619,620


718	609,621,622


77001	7799,7800,7801
Viola arvensis

77098	8738,9200,9201
Pleuraphis rigida

77225


8757


8780


87


8829


8836


8887


8894


8906


8919


9026


9039


9053


9097


9112


9242


9299


9365


9408


9435


9444


9457


9493


94


9545


9589


9596


9633


9682


9769


9776


9862


9930


10131


10193


10203


10337


10351


10382


10412


10540


10566


10661


10852


109


11020


11055


11143


11169


11217


11248


11334


11473


11813	2907,2908,2909


12737	8738,8792,8793
Alopecurus carolinianus

13


152


15845	7088,7091,7092


1682	609,813,0,814
Bidens cernua var. cernua

17076	2847,2848,2849


19067	92,106,107
Cheilanthes cooperae

19400	4316,4317,4318
Chrysolepis chrysophylla var. chrysophylla

19978	6677,6711,6712


22762	5547,5561,5562
Dicentra formosa

22988	609,1053,1054


23849	8169,8170,8171


2391	609,1023,1024
Cotula coronopifolia

24229	3446,3447,3448


246


25304	4518,4538,4539
Eucrypta chrysanthemifolia var. bipinnatifida

28846	4745,4761,4762


28933	5042,5066,5067
Iliamna latibracteata

30601	8738,9080,9081
Leptochloa mucronata

318


33362	265,281,282
Mesembryanthemum nodiflorum

34638	7625,7652,7653


34721	92,120,121


35094	6578,6579,6580


35592	8169,8183,8184


35724	2852,2865,2866


3630	609,1449,1450
Isocoma acradenia var. acradenia

37878	7914,7915,7916
Phoenix dactylifera

383


38466	3449,3589,3590


38655	5642,5643,5644


39015	2907,2986,2987
Polycarpon tetraphyllum

40061	195,235,236
Pseudotsuga menziesii

404


41486	3618,3679,3680


43036	4745,4865,4866
Salvia apiana

43846	8738,9279,9280


44682	8185,8222,8223
Sisyrinchium californicum

45074	2907,3040,0,3041
Spergula arvensis subsp. arvensis

45078	2907,3042,3043
Spergularia bocconei

45416	2240,2613,2614
Stanleya pinnata

46095	329,541,542
Tauschia glauca

47422	195,238,239
Tsuga mertensiana

47885	7773,7786,7787
Verbena bracteata

48584	8328,8340,8341
Wolffia borealis

527


5321	609,1441,0,1442
Hymenoxys acaulis var. arizonica

541


5455	609,1944,1945


592


619


62


633


642


76487	2240,2504,2505
Lepidium densiflorum

8758


8875


88


8909


8981


9511


9528


9577


9656


9753


9779


10130


10156


10192


10202


10228


10273


10299


10336


10383


10567


10660


10765


10787


10822


11054


11133


11142


11168


11216


11384


122


13036	329,330,331
Ammi visnaga

14227	5936,5937,5938


1651	609,809,0,810
Bebbia juncea var. aspera

180


18611	8695,8698,8699


19443	329,361,362


19447	329,363,364
Cicuta maculata

19850	8349,8532,8533
Clintonia uniflora

2022	609,925,926


20581	3284,3290,3291
Crassula connata

214


22380	7625,7631,7632
Datura ferox

247


26018	6677,6723,6724
Fragaria vesca

26298	6927,6934,6935
Galium ambiguum var. ambiguum

27053	5159,5160,5161


27581	4503,4504,4505


28351	2907,2951,0,2952
Holosteum umbellatum subsp. umbellatum

3056	609,1237,1238


30815	3449,3573,3574


319


32332	8738,9098,9099


33965	3449,3579,3580
Monotropa uniflora

3623	609,1446,1447
Hypochaeris radicata

36272	7088,7142,7143
Parnassia cirrata

382


38


39526	6318,6390,6391
Portulaca oleracea

40423	6677,6885,6886


4213	609,1661,1662


4273	609,1673,1674
Pentachaeta aurea

4365	609,1699,1700


43822	8738,9277,9278


43824	8349,8633,8634


43877	4745,4892,4893
Scutellaria bolanderi

44175	246,247,248


45426	7702,7703,7704


46527	157,182,183


46722	8349,8645,0,8646
Tofieldia occidentalis subsp. occidentalis

47633	2907,3068,3069


526


540


579


618


643


79165	3084,3202,3203
Salsola paulsenii

842	609,661,662
Amphipappus fremontii var. fremontii

8801


8874


8908


9037


9194


9657


9723


9796


9855


9903


10029


10058


10094


10155


102286	2852,2853,2854
Cleome platycarpa

10270


10410


10537


10564


10586


10663


10766


10784


10821


10850


11057


11130


11185


121


12973	6677,6686,6687
Amelanchier alnifolia var. pumila

15133	92,104,105


17061	5547,5553,5554


17109	2240,2340,2341


183


18571	4374,4375,4376
Centaurium davyi

18786	7625,7626,7627


18825	6677,6706,6707
Chamaebatia foliolosa

19877	7029,7030,7031


20349	329,372,373


21360	3375,3385,3386
Cucurbita foetidissima

217


22197	3691,3896,3897
Cytisus scoparius

2296	609,1000,1001


244


25937	7928,8126,8127
Fimbristylis thermalis

262


27292	7177,7340,7341
Gratiola heterosepala

28026	8349,8586,8587


288


2


31236	7088,7123,7124
Lithophragma bolanderi

345


34681	8349,8625,8626
Nolina interrata

3471	609,1394,1395
Hieracium argutum

35530	7625,7662,7663


36249	7177,7468,7469
Parentucellia viscosa

36818	8738,9175,9176
Pennisetum setaceum

37370	2907,2982,2983
Petrorhagia nanteuilii

37765	8738,9190,9191
Phleum pratense

40155	3691,4184,4185


40219	7029,7032,7033


406


41146	3449,3602,3603
Rhododendron occidentale

428


4485	609,1712,1713
Psathyrotes ramosissima

45003	8738,9290,9291
Sorghum halepense

45053	3691,4212,4213


45156	3691,4214,4215


46026	8738,9312,9313


46421	153,154,155
Thelypteris puberula

47814	2907,3070,3071


48827	9394,9395,9396


5111	609,1849,1850


590


60


640


76371	8738,9042,9043
Hesperostipa comata subsp. comata

8824


8877


8921


9012


9067


9179


9197


9416


9449


9513


9654


9698


9751


